H initial abundance iniab1.0E-02.ppn_asplund05
  Z   species  mass fraction   
  1   h   1    0.1             
  1   h   2    1.4137614154e-05
  2   he  3    4.3360824681e-05
  2   he  4    0.26121364153   
  3   li  6    3.0664163766e-12
  3   li  7    4.3562924989e-11
  4   be  9    1.2957995712e-10
  5   b  10    5.9620961093e-10
  5   b  11    2.6531026874e-09
  6   c  12    0.5             
  6   c  13    2.1217784569e-05
  7   n  14    0.00050446334667
  7   n  15    1.9871172808e-06
  8   o  16    0.134856341855  
  8   o  17    1.7349508807e-06
  8   o  18    9.8783560012e-06
  9   f  19    4.1404631464e-07
  10  ne 20    0.00077186699666
  10  ne 21    1.9428076447e-06
  10  ne 22    6.2430862173e-05
  11  na 23    2.0418468219e-05
  12  mg 24    0.00038555796027
  12  mg 25    5.0858740397e-05
  12  mg 26    5.8191388143e-05
  13  al 27    3.7989107156e-05
  14  si 28    0.00050156134186
  14  si 29    2.6377420091e-05
  14  si 30    1.7987703309e-05
  15  p  31    4.2624276097e-06
  16  s  32    0.00025191335137
  16  s  33    2.0505507661e-06
  16  s  34    1.1873310315e-05
  16  s  36    5.0704528036e-08
  17  cl 35    5.0334572655e-06
  17  cl 37    1.7015022842e-06
  18  ar 36    2.7665623634e-05
  18  ar 38    5.3095515788e-06
  18  ar 40    8.9390305369e-09
  19  k  39    2.6244997705e-06
  19  k  40    3.3684194766e-10
  19  k  41    1.991170457e-07 
  20  ca 40    4.7518509433e-05
  20  ca 42    3.3300357314e-07
  20  ca 43    7.1137327668e-08
  20  ca 44    1.1247663192e-06
  20  ca 46    2.254826579e-09 
  20  ca 48    1.0999632268e-07
  21  sc 45    3.0304549776e-08
  22  ti 46    1.8090661927e-07
  22  ti 47    1.6664449128e-07
  22  ti 48    1.6870264293e-06
  22  ti 49    1.2635964116e-07
  22  ti 50    1.2359875254e-07
  23  v  50    7.4934854631e-10
  23  v  51    3.0533719321e-07
  24  cr 50    5.6921337678e-07
  24  cr 52    1.1415324589e-05
  24  cr 53    1.3192351845e-06
  24  cr 54    3.3455315793e-07
  25  mn 55    8.1032271259e-06
  26  fe 54    5.3391681399e-05
  26  fe 56    0.0008691772606 
  26  fe 57    2.0431541534e-05
  26  fe 58    2.7667659632e-06
  27  co 59    2.9454206962e-06
  28  ni 58    4.0246033763e-05
  28  ni 60    1.6037276019e-05
  28  ni 61    7.0874810566e-07
  28  ni 62    2.2968449833e-06
  28  ni 64    6.0380769355e-07
  29  cu 63    4.2420790916e-07
  29  cu 65    1.9504097225e-07
  30  zn 64    7.4366880787e-07
  30  zn 66    4.3999066382e-07
  30  zn 67    6.5637794803e-08
  30  zn 68    3.0465303376e-07
  30  zn 70    1.0370150326e-08
  31  ga 69    1.8883216324e-08
  31  ga 71    1.2895570801e-08
  32  ge 70    3.3917604793e-08
  32  ge 72    4.544764625e-08 
  32  ge 73    1.2854840217e-08
  32  ge 74    6.0693385751e-08
  32  ge 76    1.2909674112e-08
  33  as 75    8.7772119525e-09
  34  se 74    8.441678404e-10 
  34  se 76    9.1340433448e-09
  34  se 77    7.5438855156e-09
  34  se 78    2.3793352938e-08
  34  se 80    5.0924675838e-08
  34  se 82    9.1869882952e-09
  35  br 79    8.7259040463e-09
  35  br 81    8.7046351409e-09
  36  kr 78    3.22922641e-10  
  36  kr 80    2.1317743407e-09
  36  kr 82    1.0925343496e-08
  36  kr 83    1.0963655964e-08
  36  kr 84    5.4662170808e-08
  36  kr 86    1.6926791473e-08
  37  rb 85    1.4656938695e-08
  37  rb 87    5.7862815217e-09
  38  sr 84    2.3278009219e-10
  38  sr 86    4.2146713671e-09
  38  sr 87    3.2040570891e-09
  38  sr 88    3.613426135e-08 
  39  y  89    8.6633394039e-09
  40  zr 90    1.0812847872e-08
  40  zr 91    2.3847654862e-09
  40  zr 92    3.6833752806e-09
  40  zr 94    3.8148103141e-09
  40  zr 96    6.2743602982e-10
  41  nb 93    1.4681765089e-09
  42  mo 92    6.8140580492e-10
  42  mo 94    4.3391558287e-10
  42  mo 95    7.5503088855e-10
  42  mo 96    7.9918628928e-10
  42  mo 97    4.6270297654e-10
  42  mo 98    1.1806764789e-09
  42  mo100    4.8092729283e-10
  44  ru 96    2.2091900419e-10
  44  ru 98    7.604737428e-11 
  44  ru 99    5.2445678792e-10
  44  ru100    5.2313546446e-10
  44  ru101    7.1547707537e-10
  44  ru102    1.3363524402e-09
  44  ru104    8.041399931e-10 
  45  rh103    8.1495297062e-10
  46  pd102    3.0584097251e-11
  46  pd104    3.4057585266e-10
  46  pd105    6.8924455613e-10
  46  pd106    8.5161013124e-10
  46  pd108    8.400573148e-10 
  46  pd110    3.7897941346e-10
  47  ag107    2.899595325e-10 
  47  ag109    2.7441984379e-10
  48  cd106    4.6828602861e-11
  48  cd108    3.3971058921e-11
  48  cd110    4.8556843374e-10
  48  cd111    5.0214399204e-10
  48  cd112    9.5514799206e-10
  48  cd113    4.8802826073e-10
  48  cd114    1.1575394465e-09
  48  cd116    3.0706840234e-10
  49  in113    1.1577866635e-10
  49  in115    2.6300230465e-09
  50  sn112    6.5272849907e-11
  50  sn114    4.5090555779e-11
  50  sn115    2.3398760976e-11
  50  sn116    1.0120412771e-09
  50  sn117    5.3903398851e-10
  50  sn118    1.7155574215e-09
  50  sn119    6.1317237897e-10
  50  sn120    2.3474746179e-09
  50  sn122    3.3895522575e-10
  50  sn124    4.3084450388e-10
  51  sb121    4.1550419575e-10
  51  sb123    3.1587282971e-10
  52  te120    1.0708972456e-11
  52  te122    2.9520881484e-10
  52  te123    1.0382125693e-10
  52  te124    5.5514123326e-10
  52  te125    8.2955028606e-10
  52  te126    2.219836128e-09 
  52  te128    3.7703912246e-09
  52  te130    4.0845340977e-09
  53  i 127    2.4666017961e-09
  54  xe124    1.7877497168e-11
  54  xe126    1.5771895476e-11
  54  xe128    3.1901430305e-10
  54  xe129    3.9590005825e-09
  54  xe130    6.363745241e-10 
  54  xe131    3.1917077027e-09
  54  xe132    3.888791507e-09 
  54  xe134    1.4466958886e-09
  54  xe136    1.1962142266e-09
  55  cs133    9.3787932764e-10
  56  ba130    1.2210243995e-11
  56  ba132    1.1859046342e-11
  56  ba134    2.8752576739e-10
  56  ba135    7.9003492338e-10
  56  ba136    9.4813423504e-10
  56  ba137    1.3660700957e-09
  56  ba138    8.7839025171e-09
  57  la138    1.0074801045e-12
  57  la139    1.1243935424e-09
  58  ce136    5.7722771489e-12
  58  ce138    7.904021817e-12 
  58  ce140    2.825636457e-09 
  58  ce142    3.6012565342e-10
  59  pr141    4.3402468955e-10
  60  nd142    6.5239921897e-10
  60  nd143    2.9487303889e-10
  60  nd144    5.8047277684e-10
  60  nd145    2.0358295651e-10
  60  nd146    4.2405137269e-10
  60  nd148    1.4370402427e-10
  60  nd150    1.4260110705e-10
  62  sm144    2.7181717935e-11
  62  sm147    1.353669939e-10 
  62  sm148    1.0217544349e-10
  62  sm149    1.2646054961e-10
  62  sm150    6.7985986501e-11
  62  sm152    2.4965163743e-10
  62  sm154    2.1519670749e-10
  63  eu151    1.4347988286e-10
  63  eu153    1.5869894883e-10
  64  gd152    2.4401749103e-12
  64  gd154    2.6573685804e-11
  64  gd155    1.815026069e-10 
  64  gd156    2.526163051e-10 
  64  gd157    1.944282041e-10 
  64  gd158    3.1046405643e-10
  64  gd160    2.7678018289e-10
  65  tb159    1.8184126618e-10
  66  dy156    7.2378228255e-13
  66  dy158    1.2566769301e-12
  66  dy160    3.1019240681e-11
  66  dy161    2.5223928537e-10
  66  dy162    3.4238978211e-10
  66  dy163    3.3626547049e-10
  66  dy164    3.8303128404e-10
  67  ho165    3.2046401288e-10
  68  er162    1.1337855148e-12
  68  er164    1.3480165202e-11
  68  er166    2.8501776026e-10
  68  er167    1.9562116832e-10
  68  er168    2.2992030018e-10
  68  er170    2.3265744661e-10
  69  tm169    1.0143364383e-10
  70  yb168    1.5759700379e-12
  70  yb170    3.7292184779e-11
  70  yb171    1.7620557308e-10
  70  yb172    2.7094273166e-10
  70  yb173    2.0136120105e-10
  70  yb174    3.9965128101e-10
  70  yb176    1.6205359305e-10
  71  lu175    1.1747992597e-10
  71  lu176    3.1340108783e-12
  72  hf174    1.2833927609e-12
  72  hf176    4.2071097151e-11
  72  hf177    1.4987130389e-10
  72  hf178    2.2111762735e-10
  72  hf179    1.1102100899e-10
  72  hf180    2.8752587243e-10
  73  ta180    8.9840661088e-15
  73  ta181    7.3437938276e-11
  74  w 180    1.6673418292e-12
  74  w 182    3.7289623715e-10
  74  w 183    2.0253276355e-10
  74  w 184    4.3594639265e-10
  74  w 186    4.0881092242e-10
  75  re185    5.36020346e-11  
  75  re187    1.1932326745e-10
  76  os184    6.1628037155e-13
  76  os186    5.0096327133e-11
  76  os187    5.2004238599e-11
  76  os188    4.2253604563e-10
  76  os189    5.1790570378e-10
  76  os190    8.4669568014e-10
  76  os192    1.3288336431e-09
  77  ir191    1.0249705499e-09
  77  ir193    1.7430669658e-09
  78  pt190    6.7869119213e-13
  78  pt192    3.9370387537e-11
  78  pt194    1.6756236464e-09
  78  pt195    1.728430645e-09 
  78  pt196    1.2961919096e-09
  78  pt198    3.7160809989e-10
  79  au197    1.2099336315e-09
  80  hg196    2.4349496408e-12
  80  hg198    1.5979697069e-10
  80  hg199    2.7185711601e-10
  80  hg200    3.7399180763e-10
  80  hg201    2.1450614593e-10
  80  hg202    4.8840502792e-10
  80  hg204    1.1338772231e-10
  81  tl203    2.8573705022e-10
  81  tl205    6.88795705e-10  
  82  pb204    2.4267729198e-10
  82  pb206    2.3164266798e-09
  82  pb207    2.806608905e-09 
  82  pb208    7.3273042636e-09
  83  bi209    5.6032707563e-10
  90  th232    1.598760123e-10 
  92  u 235    3.0668722165e-13
  92  u 238    4.2826244086e-11
