  0 NEUT          0.0000000000E+00
  1 PROT          8.8128100000E-14
  1 H   2         1.0000000000E-99
  2 HE  3         1.0000000000E-99
  2 HE  4         4.1583200000E-01
  4 BE  7         0.0000000000E+00
  5 B   8         0.0000000000E+00
  3 LI  7         1.0000000000E-99
  6 C  11         0.0000000000E+00
  5 B  11         2.8558900000E-09
  6 C  12         2.9800700000E-01
  6 C  13         3.2360100000E-02
  7 N  13         1.3999400000E-14
  7 N  14         1.0092400000E-02
  6 C  14         9.3454800000E-07
  7 N  15         2.2231600000E-07
  8 O  16         1.7960000000E-01
  8 O  17         2.0927000000E-05
  8 O  18         2.1715100000E-07
  9 F  17         0.0000000000E+00
  9 F  18         2.0122300000E-19
  9 F  19         9.5756400000E-05
 10 NE 20         2.4700000000E-03
 10 NE 21         2.0521700000E-05
 10 NE 22         5.0164900000E-02
 11 NA 22         0.0000000000E+00
 11 NA 23         7.7085500000E-04
 12 MG 23         0.0000000000E+00
 12 MG 24         9.8523100000E-04
 12 MG 25         1.8557100000E-03
 12 MG 26         4.5437700000E-03
 13 AL 26         4.6183400000E-07
 13 AL 27         1.1672800000E-04
 14 SI 27         0.0000000000E+00
 14 SI 28         7.2289300000E-04
 14 SI 29         6.1950900000E-05
 14 SI 30         1.0917000000E-04
 15 P  31         2.0242000000E-05
 16 S  31         0.0000000000E+00
  4 BE  8         0.0000000000E+00
  8 O  14         0.0000000000E+00
  8 O  15         0.0000000000E+00
 11 NA 21         0.0000000000E+00
 13 AL 25         0.0000000000E+00
 15 P  29         0.0000000000E+00
 15 P  30         0.0000000000E+00
 82 PB206         2.4156100000E-08
 82 PB207         1.7827700000E-08
 83 BI211         0.0000000000E+00
 84 PO210         0.0000000000E+00
  9 F  20         0.0000000000E+00
 10 NE 19         0.0000000000E+00
 11 NA 24         0.0000000000E+00
 12 MG 27         0.0000000000E+00
 12 MG 28         0.0000000000E+00
 13 AL 28         0.0000000000E+00
 13 AL 29         0.0000000000E+00
 14 SI 31         0.0000000000E+00
 14 SI 32         0.0000000000E+00
 15 P  32         0.0000000000E+00
 15 P  33         0.0000000000E+00
 15 P  34         0.0000000000E+00
 15 P  35         0.0000000000E+00
 16 S  32         3.2514700000E-04
 16 S  33         8.4216100000E-06
 16 S  34         3.2931700000E-05
 16 S  35         1.5408400000E-13
 16 S  36         2.6451500000E-06
 16 S  37         0.0000000000E+00
 16 S  38         0.0000000000E+00
 17 CL 34         0.0000000000E+00
 17 CL 35         4.1310400000E-06
 17 CL 36         3.4486300000E-07
 17 CL 37         2.3111300000E-05
 17 CL 38         0.0000000000E+00
 17 CL 39         0.0000000000E+00
 17 CL 40         0.0000000000E+00
 18 AR 35         0.0000000000E+00
 18 AR 36         4.9023000000E-05
 18 AR 37         5.1532400000E-11
 18 AR 38         2.8178500000E-05
 18 AR 39         1.3917100000E-09
 18 AR 40         6.9200000000E-07
 18 AR 41         0.0000000000E+00
 18 AR 42         0.0000000000E+00
 18 AR 43         0.0000000000E+00
 18 AR 44         0.0000000000E+00
 19 K  38         0.0000000000E+00
 19 K  39         5.5097300000E-06
 19 K  40         6.2387000000E-07
 19 K  41         1.3830800000E-06
 19 K  42         0.0000000000E+00
 19 K  43         0.0000000000E+00
 19 K  44         0.0000000000E+00
 19 K  45         0.0000000000E+00
 19 K  46         0.0000000000E+00
 20 CA 39         0.0000000000E+00
 20 CA 40         5.0794900000E-05
 20 CA 41         1.4534300000E-06
 20 CA 42         2.9413700000E-06
 20 CA 43         6.7722100000E-07
 20 CA 44         2.6411400000E-06
 20 CA 45         3.5284100000E-13
 20 CA 46         7.4048800000E-08
 20 CA 47         1.7545400000E-16
 20 CA 48         1.5797000000E-07
 20 CA 49         0.0000000000E+00
 21 SC 43         0.0000000000E+00
 21 SC 44         1.0000000000E-99
 21 SC 45         4.0268000000E-07
 21 SC 46         3.8120000000E-13
 21 SC 47         1.3101600000E-16
 21 SC 48         0.0000000000E+00
 21 SC 49         0.0000000000E+00
 21 SC 50         0.0000000000E+00
 22 TI 44         3.8062100000E-24
 22 TI 45         1.0000000000E-99
 22 TI 46         5.5184700000E-07
 22 TI 47         2.2945800000E-07
 22 TI 48         1.1190600000E-06
 22 TI 49         1.3721100000E-06
 22 TI 50         1.9035500000E-06
 22 TI 51         0.0000000000E+00
 22 TI 52         0.0000000000E+00
 23 V  47         0.0000000000E+00
 23 V  48         0.0000000000E+00
 23 V  49         2.0379900000E-27
 23 V  50         1.6311700000E-10
 23 V  51         3.2180700000E-07
 23 V  52         0.0000000000E+00
 23 V  53         0.0000000000E+00
 24 CR 48         0.0000000000E+00
 24 CR 49         0.0000000000E+00
 24 CR 50         1.2977600000E-07
 24 CR 51         1.9961700000E-12
 24 CR 52         1.1510800000E-05
 24 CR 53         1.4711900000E-06
 24 CR 54         5.2691500000E-06
 24 CR 55         0.0000000000E+00
 24 CR 56         0.0000000000E+00
 25 MN 51         0.0000000000E+00
 25 MN 52         0.0000000000E+00
 25 MN 53         1.6138800000E-16
 25 MN 54         4.0710100000E-20
 25 MN 55         1.5099200000E-05
 25 MN 56         8.9604000000E-15
 25 MN 57         0.0000000000E+00
 26 FE 52         0.0000000000E+00
 26 FE 53         0.0000000000E+00
 26 FE 54         2.0722300000E-05
 26 FE 55         6.3914600000E-09
 26 FE 56         8.0756500000E-04
 26 FE 57         1.6026300000E-04
 26 FE 58         2.5961000000E-04
 26 FE 59         2.2145100000E-11
 26 FE 60         5.1875900000E-06
 26 FE 61         0.0000000000E+00
 27 CO 55         0.0000000000E+00
 27 CO 56         1.2449100000E-19
 27 CO 57         1.7806900000E-23
 27 CO 58         3.2410200000E-19
 27 CO 59         6.5513200000E-05
 27 CO 60         6.9645100000E-10
 27 CO 61         0.0000000000E+00
 27 CO 62         0.0000000000E+00
 27 CO 63         0.0000000000E+00
 28 NI 56         0.0000000000E+00
 28 NI 57         0.0000000000E+00
 28 NI 58         1.3741800000E-05
 28 NI 59         4.6856900000E-06
 28 NI 60         6.3729100000E-05
 28 NI 61         2.3875100000E-05
 28 NI 62         4.7131600000E-05
 28 NI 63         1.0870000000E-08
 28 NI 64         2.4218800000E-05
 28 NI 65         0.0000000000E+00
 28 NI 66         0.0000000000E+00
 28 NI 67         0.0000000000E+00
 28 NI 68         0.0000000000E+00
 29 CU 60         0.0000000000E+00
 29 CU 61         0.0000000000E+00
 29 CU 62         0.0000000000E+00
 29 CU 63         2.4123300000E-05
 29 CU 64         2.4047100000E-13
 29 CU 65         1.0398100000E-05
 29 CU 66         0.0000000000E+00
 29 CU 67         0.0000000000E+00
 29 CU 68         0.0000000000E+00
 29 CU 69         0.0000000000E+00
 29 CU 70         0.0000000000E+00
 29 CU 71         0.0000000000E+00
 30 ZN 62         0.0000000000E+00
 30 ZN 63         0.0000000000E+00
 30 ZN 64         5.5846300000E-06
 30 ZN 65         4.8568900000E-11
 30 ZN 66         8.7775100000E-06
 30 ZN 67         1.8314300000E-06
 30 ZN 68         7.7923600000E-06
 30 ZN 69         1.8530600000E-15
 30 ZN 70         1.2022600000E-08
 30 ZN 71         0.0000000000E+00
 30 ZN 72         0.0000000000E+00
 30 ZN 73         0.0000000000E+00
 30 ZN 74         0.0000000000E+00
 31 GA 65         0.0000000000E+00
 31 GA 66         0.0000000000E+00
 31 GA 67         0.0000000000E+00
 31 GA 68         0.0000000000E+00
 31 GA 69         1.0323100000E-06
 31 GA 70         3.4642300000E-16
 31 GA 71         6.8729400000E-07
 31 GA 72         0.0000000000E+00
 31 GA 73         0.0000000000E+00
 31 GA 74         0.0000000000E+00
 31 GA 75         0.0000000000E+00
 32 GE 66         0.0000000000E+00
 32 GE 67         0.0000000000E+00
 32 GE 68         0.0000000000E+00
 32 GE 69         0.0000000000E+00
 32 GE 70         1.3813200000E-06
 32 GE 71         7.5073800000E-13
 32 GE 72         1.2071600000E-06
 32 GE 73         3.3977800000E-07
 32 GE 74         1.5520000000E-06
 32 GE 75         6.4101600000E-16
 32 GE 76         1.0982100000E-08
 32 GE 77         0.0000000000E+00
 32 GE 78         0.0000000000E+00
 33 AS 69         0.0000000000E+00
 33 AS 70         0.0000000000E+00
 33 AS 71         0.0000000000E+00
 33 AS 72         0.0000000000E+00
 33 AS 73         0.0000000000E+00
 33 AS 74         0.0000000000E+00
 33 AS 75         1.5158200000E-07
 33 AS 76         0.0000000000E+00
 33 AS 77         0.0000000000E+00
 33 AS 78         0.0000000000E+00
 33 AS 79         0.0000000000E+00
 33 AS 80         0.0000000000E+00
 33 AS 81         0.0000000000E+00
 34 SE 72         0.0000000000E+00
 34 SE 73         0.0000000000E+00
 34 SE 74         1.4254800000E-11
 34 SE 75         0.0000000000E+00
 34 SE 76         3.1417000000E-07
 34 SE 77         1.1930100000E-07
 34 SE 78         6.3492300000E-07
 34 SE 79         8.0439300000E-08
 34 SE 80         4.7017500000E-07
 34 SE 81         4.7828900000E-17
 34 SE 82         8.1022500000E-09
 34 SE 83         0.0000000000E+00
 34 SE 84         0.0000000000E+00
 35 BR 74         0.0000000000E+00
 35 BR 75         0.0000000000E+00
 35 BR 76         0.0000000000E+00
 35 BR 77         0.0000000000E+00
 35 BR 78         0.0000000000E+00
 35 BR 79         4.4247900000E-08
 35 BR 80         6.4827300000E-17
 35 BR 81         7.7335600000E-08
 35 BR 82         0.0000000000E+00
 35 BR 83         0.0000000000E+00
 35 BR 84         0.0000000000E+00
 35 BR 85         0.0000000000E+00
 35 BR 86         0.0000000000E+00
 35 BR 87         0.0000000000E+00
 36 KR 76         0.0000000000E+00
 36 KR 77         0.0000000000E+00
 36 KR 78         4.0279000000E-12
 36 KR 79         3.0285500000E-19
 36 KR 80         1.5816500000E-08
 36 KR 81         5.7685900000E-09
 36 KR 82         2.1685700000E-07
 36 KR 83         7.8799200000E-08
 36 KR 84         4.6976400000E-07
 36 KR 85         9.3521200000E-12
 36 KR 86         1.5677600000E-07
 36 KR 87         0.0000000000E+00
 36 KR 88         0.0000000000E+00
 36 KR 89         0.0000000000E+00
 36 KR 90         0.0000000000E+00
 37 RB 79         0.0000000000E+00
 37 RB 80         0.0000000000E+00
 37 RB 81         0.0000000000E+00
 37 RB 82         0.0000000000E+00
 37 RB 83         0.0000000000E+00
 37 RB 84         0.0000000000E+00
 37 RB 85         1.2021400000E-07
 37 RB 86         6.6924400000E-14
 37 RB 87         8.0667500000E-08
 37 RB 88         0.0000000000E+00
 37 RB 89         0.0000000000E+00
 37 RB 90         0.0000000000E+00
 37 RB 91         0.0000000000E+00
 38 SR 80         0.0000000000E+00
 38 SR 81         0.0000000000E+00
 38 SR 82         0.0000000000E+00
 38 SR 83         0.0000000000E+00
 38 SR 84         2.5561200000E-12
 38 SR 85         1.8639300000E-17
 38 SR 86         1.2071800000E-07
 38 SR 87         7.2101400000E-08
 38 SR 88         8.9155500000E-07
 38 SR 89         3.7084300000E-14
 38 SR 90         2.0852000000E-18
 38 SR 91         0.0000000000E+00
 38 SR 92         0.0000000000E+00
 38 SR 93         0.0000000000E+00
 38 SR 94         0.0000000000E+00
 39 Y  85         0.0000000000E+00
 39 Y  86         0.0000000000E+00
 39 Y  87         0.0000000000E+00
 39 Y  88         0.0000000000E+00
 39 Y  89         2.4324500000E-07
 39 Y  90         2.9427300000E-15
 39 Y  91         0.0000000000E+00
 39 Y  92         0.0000000000E+00
 39 Y  93         0.0000000000E+00
 39 Y  94         0.0000000000E+00
 39 Y  95         0.0000000000E+00
 39 Y  96         0.0000000000E+00
 40 ZR 86         0.0000000000E+00
 40 ZR 87         0.0000000000E+00
 40 ZR 88         0.0000000000E+00
 40 ZR 89         0.0000000000E+00
 40 ZR 90         2.2045900000E-07
 40 ZR 91         6.4962300000E-08
 40 ZR 92         1.2755000000E-07
 40 ZR 93         3.5916000000E-08
 40 ZR 94         9.7377200000E-08
 40 ZR 95         4.2562200000E-14
 40 ZR 96         2.5250500000E-08
 40 ZR 97         0.0000000000E+00
 40 ZR 98         0.0000000000E+00
 41 NB 89         0.0000000000E+00
 41 NB 90         0.0000000000E+00
 41 NB 91         0.0000000000E+00
 41 NB 92         0.0000000000E+00
 41 NB 93         3.5186200000E-10
 41 NB 94         2.9280800000E-14
 41 NB 95         2.3230200000E-14
 41 NB 96         0.0000000000E+00
 41 NB 97         0.0000000000E+00
 41 NB 98         0.0000000000E+00
 41 NB 99         0.0000000000E+00
 42 MO 90         0.0000000000E+00
 42 MO 91         0.0000000000E+00
 42 MO 92         1.0665500000E-10
 42 MO 93         4.2701400000E-12
 42 MO 94         4.7556600000E-10
 42 MO 95         1.5255700000E-08
 42 MO 96         2.6799600000E-08
 42 MO 97         9.0159600000E-09
 42 MO 98         3.0696900000E-08
 42 MO 99         1.6845700000E-15
 42 MO100         2.4310100000E-09
 42 MO101         0.0000000000E+00
 42 MO102         0.0000000000E+00
 43 TC 93         0.0000000000E+00
 43 TC 94         0.0000000000E+00
 43 TC 95         0.0000000000E+00
 43 TC 96         0.0000000000E+00
 43 TC 97         0.0000000000E+00
 43 TC 98         0.0000000000E+00
 43 TC 99         3.7963200000E-09
 43 TC100         0.0000000000E+00
 43 TC101         0.0000000000E+00
 43 TC102         0.0000000000E+00
 43 TC103         0.0000000000E+00
 43 TC104         0.0000000000E+00
 43 TC105         0.0000000000E+00
 44 RU 94         0.0000000000E+00
 44 RU 95         0.0000000000E+00
 44 RU 96         5.4194400000E-12
 44 RU 97         7.9401900000E-19
 44 RU 98         1.0270900000E-11
 44 RU 99         3.8090600000E-10
 44 RU100         1.4564000000E-08
 44 RU101         3.3885600000E-09
 44 RU102         2.1288900000E-08
 44 RU103         1.0299100000E-15
 44 RU104         1.7993300000E-09
 44 RU105         0.0000000000E+00
 44 RU106         0.0000000000E+00
 45 RH 98         0.0000000000E+00
 45 RH 99         0.0000000000E+00
 45 RH100         0.0000000000E+00
 45 RH101         0.0000000000E+00
 45 RH102         0.0000000000E+00
 45 RH103         3.8469500000E-09
 45 RH104         0.0000000000E+00
 45 RH105         0.0000000000E+00
 45 RH106         0.0000000000E+00
 45 RH107         0.0000000000E+00
 45 RH108         0.0000000000E+00
 46 PD 99         0.0000000000E+00
 46 PD100         0.0000000000E+00
 46 PD101         0.0000000000E+00
 46 PD102         3.3181200000E-13
 46 PD103         4.9124600000E-19
 46 PD104         1.0974800000E-08
 46 PD105         3.0668400000E-09
 46 PD106         1.3660700000E-08
 46 PD107         2.7212100000E-09
 46 PD108         1.7142800000E-08
 46 PD109         3.6201600000E-16
 46 PD110         1.7792800000E-09
 46 PD111         0.0000000000E+00
 46 PD112         0.0000000000E+00
 47 AG101         0.0000000000E+00
 47 AG102         0.0000000000E+00
 47 AG103         0.0000000000E+00
 47 AG104         0.0000000000E+00
 47 AG105         0.0000000000E+00
 47 AG106         0.0000000000E+00
 47 AG107         1.3321400000E-11
 47 AG108         2.3844000000E-21
 47 AG109         5.0345000000E-09
 47 AG110         0.0000000000E+00
 47 AG111         0.0000000000E+00
 47 AG112         0.0000000000E+00
 47 AG113         0.0000000000E+00
 48 CD102         0.0000000000E+00
 48 CD103         0.0000000000E+00
 48 CD104         0.0000000000E+00
 48 CD105         0.0000000000E+00
 48 CD106         6.2975400000E-13
 48 CD107         1.0156200000E-20
 48 CD108         3.4493500000E-11
 48 CD109         7.1308900000E-16
 48 CD110         1.4119800000E-08
 48 CD111         5.0453100000E-09
 48 CD112         1.9187900000E-08
 48 CD113         5.6618300000E-09
 48 CD114         2.8381100000E-08
 48 CD115         2.7470700000E-14
 48 CD116         4.8863800000E-09
 48 CD117         0.0000000000E+00
 48 CD118         0.0000000000E+00
 49 IN106         0.0000000000E+00
 49 IN107         0.0000000000E+00
 49 IN108         0.0000000000E+00
 49 IN109         0.0000000000E+00
 49 IN110         0.0000000000E+00
 49 IN111         0.0000000000E+00
 49 IN112         0.0000000000E+00
 49 IN113         6.7295800000E-13
 49 IN114         8.8434700000E-23
 49 IN115         5.6976700000E-09
 49 IN116         0.0000000000E+00
 49 IN117         0.0000000000E+00
 49 IN118         0.0000000000E+00
 49 IN119         0.0000000000E+00
 50 SN108         0.0000000000E+00
 50 SN109         0.0000000000E+00
 50 SN110         0.0000000000E+00
 50 SN111         0.0000000000E+00
 50 SN112         2.2351500000E-12
 50 SN113         1.0084700000E-17
 50 SN114         1.3021200000E-11
 50 SN115         7.1400400000E-12
 50 SN116         3.5260600000E-08
 50 SN117         1.1999500000E-08
 50 SN118         5.8083500000E-08
 50 SN119         1.7623400000E-08
 50 SN120         9.0087500000E-08
 50 SN121         1.8170800000E-15
 50 SN122         1.1475700000E-08
 50 SN123         2.3834600000E-16
 50 SN124         5.0737800000E-10
 50 SN125         0.0000000000E+00
 50 SN126         0.0000000000E+00
 50 SN127         0.0000000000E+00
 50 SN128         0.0000000000E+00
 50 SN129         0.0000000000E+00
 50 SN130         0.0000000000E+00
 51 SB112         0.0000000000E+00
 51 SB113         0.0000000000E+00
 51 SB114         0.0000000000E+00
 51 SB115         0.0000000000E+00
 51 SB116         0.0000000000E+00
 51 SB117         0.0000000000E+00
 51 SB118         0.0000000000E+00
 51 SB119         0.0000000000E+00
 51 SB120         0.0000000000E+00
 51 SB121         7.1950200000E-09
 51 SB122         1.7108400000E-15
 51 SB123         1.7417600000E-09
 51 SB124         0.0000000000E+00
 51 SB125         0.0000000000E+00
 51 SB126         0.0000000000E+00
 51 SB127         0.0000000000E+00
 51 SB128         0.0000000000E+00
 51 SB129         0.0000000000E+00
 51 SB130         0.0000000000E+00
 51 SB131         0.0000000000E+00
 51 SB132         0.0000000000E+00
 51 SB133         0.0000000000E+00
 52 TE114         0.0000000000E+00
 52 TE115         0.0000000000E+00
 52 TE116         0.0000000000E+00
 52 TE117         0.0000000000E+00
 52 TE118         0.0000000000E+00
 52 TE119         0.0000000000E+00
 52 TE120         1.0272900000E-13
 52 TE121         1.7296000000E-19
 52 TE122         1.0900200000E-08
 52 TE123         3.7500400000E-09
 52 TE124         2.1468100000E-08
 52 TE125         7.1197400000E-09
 52 TE126         4.0415900000E-08
 52 TE127         2.6180100000E-16
 52 TE128         5.8317100000E-09
 52 TE129         1.7642900000E-18
 52 TE130         3.0250400000E-09
 52 TE131         0.0000000000E+00
 52 TE132         0.0000000000E+00
 52 TE133         0.0000000000E+00
 52 TE134         0.0000000000E+00
 53 I 117         0.0000000000E+00
 53 I 118         0.0000000000E+00
 53 I 119         0.0000000000E+00
 53 I 120         0.0000000000E+00
 53 I 121         0.0000000000E+00
 53 I 122         0.0000000000E+00
 53 I 123         0.0000000000E+00
 53 I 124         0.0000000000E+00
 53 I 125         0.0000000000E+00
 53 I 126         0.0000000000E+00
 53 I 127         5.3772300000E-09
 53 I 128         1.0729900000E-17
 53 I 129         3.7547000000E-13
 53 I 130         0.0000000000E+00
 53 I 131         0.0000000000E+00
 53 I 132         0.0000000000E+00
 53 I 133         0.0000000000E+00
 53 I 134         0.0000000000E+00
 53 I 135         0.0000000000E+00
 54 XE118         0.0000000000E+00
 54 XE119         0.0000000000E+00
 54 XE120         0.0000000000E+00
 54 XE121         0.0000000000E+00
 54 XE122         0.0000000000E+00
 54 XE123         0.0000000000E+00
 54 XE124         1.3073400000E-13
 54 XE125         1.5286900000E-20
 54 XE126         2.2961500000E-13
 54 XE127         5.8858600000E-19
 54 XE128         1.2547500000E-08
 54 XE129         5.5260900000E-09
 54 XE130         2.7003100000E-08
 54 XE131         1.0513600000E-08
 54 XE132         5.5766600000E-08
 54 XE133         0.0000000000E+00
 54 XE134         9.0223100000E-09
 54 XE135         1.1135800000E-17
 54 XE136         1.4505700000E-09
 54 XE137         0.0000000000E+00
 54 XE138         0.0000000000E+00
 55 CS123         0.0000000000E+00
 55 CS124         0.0000000000E+00
 55 CS125         0.0000000000E+00
 55 CS126         0.0000000000E+00
 55 CS127         0.0000000000E+00
 55 CS128         0.0000000000E+00
 55 CS129         0.0000000000E+00
 55 CS130         0.0000000000E+00
 55 CS131         0.0000000000E+00
 55 CS132         0.0000000000E+00
 55 CS133         7.8409200000E-09
 55 CS134         3.9275700000E-13
 55 CS135         6.4024500000E-09
 55 CS136         0.0000000000E+00
 55 CS137         0.0000000000E+00
 55 CS138         0.0000000000E+00
 55 CS139         0.0000000000E+00
 56 BA124         0.0000000000E+00
 56 BA125         0.0000000000E+00
 56 BA126         0.0000000000E+00
 56 BA127         0.0000000000E+00
 56 BA128         0.0000000000E+00
 56 BA129         0.0000000000E+00
 56 BA130         1.0543800000E-13
 56 BA131         1.8296300000E-19
 56 BA132         1.7262000000E-13
 56 BA133         3.4900700000E-19
 56 BA134         1.7361000000E-08
 56 BA135         5.6080100000E-09
 56 BA136         5.3141700000E-08
 56 BA137         4.6595300000E-08
 56 BA138         4.0755100000E-07
 56 BA139         0.0000000000E+00
 56 BA140         0.0000000000E+00
 56 BA141         0.0000000000E+00
 56 BA142         0.0000000000E+00
 57 LA127         0.0000000000E+00
 57 LA128         0.0000000000E+00
 57 LA129         0.0000000000E+00
 57 LA130         0.0000000000E+00
 57 LA131         0.0000000000E+00
 57 LA132         0.0000000000E+00
 57 LA133         0.0000000000E+00
 57 LA134         0.0000000000E+00
 57 LA135         0.0000000000E+00
 57 LA136         0.0000000000E+00
 57 LA137         0.0000000000E+00
 57 LA138         2.7217400000E-14
 57 LA139         4.4457200000E-08
 57 LA140         0.0000000000E+00
 57 LA141         0.0000000000E+00
 57 LA142         0.0000000000E+00
 57 LA143         0.0000000000E+00
 58 CE130         0.0000000000E+00
 58 CE131         0.0000000000E+00
 58 CE132         0.0000000000E+00
 58 CE133         0.0000000000E+00
 58 CE134         0.0000000000E+00
 58 CE135         0.0000000000E+00
 58 CE136         8.4644500000E-14
 58 CE137         2.0984500000E-21
 58 CE138         3.6270900000E-13
 58 CE139         1.7536200000E-18
 58 CE140         9.3594700000E-08
 58 CE141         4.9248200000E-15
 58 CE142         3.8197000000E-09
 58 CE143         0.0000000000E+00
 58 CE144         0.0000000000E+00
 58 CE145         0.0000000000E+00
 58 CE146         0.0000000000E+00
 59 PR133         0.0000000000E+00
 59 PR134         0.0000000000E+00
 59 PR135         0.0000000000E+00
 59 PR136         0.0000000000E+00
 59 PR137         0.0000000000E+00
 59 PR138         0.0000000000E+00
 59 PR139         0.0000000000E+00
 59 PR140         0.0000000000E+00
 59 PR141         9.7859900000E-09
 59 PR142         0.0000000000E+00
 59 PR143         0.0000000000E+00
 59 PR144         0.0000000000E+00
 59 PR145         0.0000000000E+00
 59 PR146         0.0000000000E+00
 59 PR147         0.0000000000E+00
 59 PR148         0.0000000000E+00
 59 PR149         0.0000000000E+00
 60 ND134         0.0000000000E+00
 60 ND135         0.0000000000E+00
 60 ND136         0.0000000000E+00
 60 ND137         0.0000000000E+00
 60 ND138         0.0000000000E+00
 60 ND139         0.0000000000E+00
 60 ND140         0.0000000000E+00
 60 ND141         0.0000000000E+00
 60 ND142         2.1137300000E-08
 60 ND143         3.5872300000E-09
 60 ND144         1.1543200000E-08
 60 ND145         2.1361300000E-09
 60 ND146         9.9314400000E-09
 60 ND147         1.4701900000E-15
 60 ND148         1.5656900000E-09
 60 ND149         3.1383500000E-18
 60 ND150         2.5980200000E-11
 60 ND151         0.0000000000E+00
 60 ND152         0.0000000000E+00
 61 PM137         0.0000000000E+00
 61 PM138         0.0000000000E+00
 61 PM139         0.0000000000E+00
 61 PM140         0.0000000000E+00
 61 PM141         0.0000000000E+00
 61 PM142         0.0000000000E+00
 61 PM143         0.0000000000E+00
 61 PM144         0.0000000000E+00
 61 PM145         0.0000000000E+00
 61 PM146         0.0000000000E+00
 61 PM147         1.1136700000E-13
 61 PM148         0.0000000000E+00
 61 PM149         0.0000000000E+00
 61 PM150         0.0000000000E+00
 61 PM151         0.0000000000E+00
 61 PM152         0.0000000000E+00
 61 PM153         0.0000000000E+00
 61 PM154         0.0000000000E+00
 62 SM140         0.0000000000E+00
 62 SM141         0.0000000000E+00
 62 SM142         0.0000000000E+00
 62 SM143         0.0000000000E+00
 62 SM144         2.9312000000E-12
 62 SM145         0.0000000000E+00
 62 SM146         0.0000000000E+00
 62 SM147         1.0669300000E-09
 62 SM148         2.2190200000E-09
 62 SM149         4.1170200000E-10
 62 SM150         1.9242900000E-09
 62 SM151         2.8497200000E-12
 62 SM152         1.6259000000E-09
 62 SM153         2.4444300000E-16
 62 SM154         6.3017400000E-10
 62 SM155         0.0000000000E+00
 62 SM156         0.0000000000E+00
 62 SM157         0.0000000000E+00
 62 SM158         0.0000000000E+00
 63 EU143         0.0000000000E+00
 63 EU144         0.0000000000E+00
 63 EU145         0.0000000000E+00
 63 EU146         0.0000000000E+00
 63 EU147         0.0000000000E+00
 63 EU148         0.0000000000E+00
 63 EU149         0.0000000000E+00
 63 EU150         0.0000000000E+00
 63 EU151         2.4730700000E-10
 63 EU152         2.6185900000E-13
 63 EU153         3.1834000000E-10
 63 EU154         0.0000000000E+00
 63 EU155         0.0000000000E+00
 63 EU156         0.0000000000E+00
 63 EU157         0.0000000000E+00
 63 EU158         0.0000000000E+00
 63 EU159         0.0000000000E+00
 64 GD144         0.0000000000E+00
 64 GD145         0.0000000000E+00
 64 GD146         0.0000000000E+00
 64 GD147         0.0000000000E+00
 64 GD148         0.0000000000E+00
 64 GD149         0.0000000000E+00
 64 GD150         0.0000000000E+00
 64 GD151         0.0000000000E+00
 64 GD152         9.1769500000E-11
 64 GD153         5.3831100000E-15
 64 GD154         7.1247500000E-10
 64 GD155         3.6995500000E-10
 64 GD156         1.4439700000E-09
 64 GD157         6.4758100000E-10
 64 GD158         2.5176500000E-09
 64 GD159         1.1166500000E-16
 64 GD160         4.6723100000E-10
 64 GD161         0.0000000000E+00
 64 GD162         0.0000000000E+00
 65 TB147         0.0000000000E+00
 65 TB148         0.0000000000E+00
 65 TB149         0.0000000000E+00
 65 TB150         0.0000000000E+00
 65 TB151         0.0000000000E+00
 65 TB152         0.0000000000E+00
 65 TB153         0.0000000000E+00
 65 TB154         0.0000000000E+00
 65 TB155         0.0000000000E+00
 65 TB156         0.0000000000E+00
 65 TB157         0.0000000000E+00
 65 TB158         0.0000000000E+00
 65 TB159         5.3830800000E-10
 65 TB160         0.0000000000E+00
 65 TB161         0.0000000000E+00
 65 TB162         0.0000000000E+00
 65 TB163         0.0000000000E+00
 65 TB164         0.0000000000E+00
 65 TB165         0.0000000000E+00
 66 DY148         0.0000000000E+00
 66 DY149         0.0000000000E+00
 66 DY150         0.0000000000E+00
 66 DY151         0.0000000000E+00
 66 DY152         0.0000000000E+00
 66 DY153         0.0000000000E+00
 66 DY154         0.0000000000E+00
 66 DY155         0.0000000000E+00
 66 DY156         5.4425000000E-15
 66 DY157         5.6047900000E-22
 66 DY158         1.9636300000E-13
 66 DY159         6.2391200000E-18
 66 DY160         8.6106600000E-10
 66 DY161         4.4073000000E-10
 66 DY162         1.8474000000E-09
 66 DY163         7.7394100000E-10
 66 DY164         3.6058300000E-09
 66 DY165         0.0000000000E+00
 66 DY166         0.0000000000E+00
 66 DY167         0.0000000000E+00
 66 DY168         0.0000000000E+00
 67 HO153         0.0000000000E+00
 67 HO154         0.0000000000E+00
 67 HO155         0.0000000000E+00
 67 HO156         0.0000000000E+00
 67 HO157         0.0000000000E+00
 67 HO158         0.0000000000E+00
 67 HO159         0.0000000000E+00
 67 HO160         0.0000000000E+00
 67 HO161         0.0000000000E+00
 67 HO162         0.0000000000E+00
 67 HO163         0.0000000000E+00
 67 HO164         0.0000000000E+00
 67 HO165         6.6376000000E-10
 67 HO166         0.0000000000E+00
 67 HO167         0.0000000000E+00
 67 HO168         0.0000000000E+00
 67 HO169         0.0000000000E+00
 68 ER154         0.0000000000E+00
 68 ER155         0.0000000000E+00
 68 ER156         0.0000000000E+00
 68 ER157         0.0000000000E+00
 68 ER158         0.0000000000E+00
 68 ER159         0.0000000000E+00
 68 ER160         0.0000000000E+00
 68 ER161         0.0000000000E+00
 68 ER162         8.6510700000E-15
 68 ER163         1.4421100000E-22
 68 ER164         1.0656200000E-13
 68 ER165         1.0856700000E-20
 68 ER166         1.1495800000E-09
 68 ER167         4.8424000000E-10
 68 ER168         2.1914000000E-09
 68 ER169         9.7833500000E-16
 68 ER170         1.1429600000E-09
 68 ER171         0.0000000000E+00
 68 ER172         0.0000000000E+00
 68 ER173         0.0000000000E+00
 68 ER174         0.0000000000E+00
 68 ER175         0.0000000000E+00
 69 TM159         0.0000000000E+00
 69 TM160         0.0000000000E+00
 69 TM161         0.0000000000E+00
 69 TM162         0.0000000000E+00
 69 TM163         0.0000000000E+00
 69 TM164         0.0000000000E+00
 69 TM165         0.0000000000E+00
 69 TM166         0.0000000000E+00
 69 TM167         0.0000000000E+00
 69 TM168         0.0000000000E+00
 69 TM169         4.2334400000E-10
 69 TM170         0.0000000000E+00
 69 TM171         0.0000000000E+00
 69 TM172         0.0000000000E+00
 69 TM173         0.0000000000E+00
 69 TM174         0.0000000000E+00
 69 TM175         0.0000000000E+00
 69 TM176         0.0000000000E+00
 70 YB160         0.0000000000E+00
 70 YB161         0.0000000000E+00
 70 YB162         0.0000000000E+00
 70 YB163         0.0000000000E+00
 70 YB164         0.0000000000E+00
 70 YB165         0.0000000000E+00
 70 YB166         0.0000000000E+00
 70 YB167         0.0000000000E+00
 70 YB168         8.8107700000E-15
 70 YB169         6.0367200000E-20
 70 YB170         7.1298500000E-10
 70 YB171         9.1405000000E-10
 70 YB172         2.4861900000E-09
 70 YB173         1.1563900000E-09
 70 YB174         5.1796700000E-09
 70 YB175         4.5760800000E-16
 70 YB176         9.1197000000E-10
 70 YB177         0.0000000000E+00
 70 YB178         0.0000000000E+00
 70 YB179         0.0000000000E+00
 70 YB180         0.0000000000E+00
 71 LU165         0.0000000000E+00
 71 LU166         0.0000000000E+00
 71 LU167         0.0000000000E+00
 71 LU168         0.0000000000E+00
 71 LU169         0.0000000000E+00
 71 LU170         0.0000000000E+00
 71 LU171         0.0000000000E+00
 71 LU172         0.0000000000E+00
 71 LU173         0.0000000000E+00
 71 LU174         0.0000000000E+00
 71 LU175         7.0447200000E-10
 71 LU176         3.2147500000E-10
 71 LU177         0.0000000000E+00
 71 LU178         0.0000000000E+00
 71 LU179         0.0000000000E+00
 71 LU180         0.0000000000E+00
 71 LU181         0.0000000000E+00
 71 LU182         0.0000000000E+00
 72 HF166         0.0000000000E+00
 72 HF167         0.0000000000E+00
 72 HF168         0.0000000000E+00
 72 HF169         0.0000000000E+00
 72 HF170         0.0000000000E+00
 72 HF171         0.0000000000E+00
 72 HF172         0.0000000000E+00
 72 HF173         0.0000000000E+00
 72 HF174         6.9432400000E-15
 72 HF175         8.6598900000E-20
 72 HF176         4.4478700000E-10
 72 HF177         6.3463200000E-10
 72 HF178         2.7725200000E-09
 72 HF179         9.4850800000E-10
 72 HF180         5.0153500000E-09
 72 HF181         3.9397900000E-15
 72 HF182         2.6397300000E-10
 72 HF183         0.0000000000E+00
 72 HF184         0.0000000000E+00
 72 HF185         0.0000000000E+00
 73 TA169         0.0000000000E+00
 73 TA170         0.0000000000E+00
 73 TA171         0.0000000000E+00
 73 TA172         0.0000000000E+00
 73 TA173         0.0000000000E+00
 73 TA174         0.0000000000E+00
 73 TA175         0.0000000000E+00
 73 TA176         0.0000000000E+00
 73 TA177         0.0000000000E+00
 73 TA178         0.0000000000E+00
 73 TA179         0.0000000000E+00
 73 TA180         3.3428400000E-16
 73 TA181         9.9681100000E-10
 73 TA182         0.0000000000E+00
 73 TA183         0.0000000000E+00
 73 TA184         0.0000000000E+00
 73 TA185         0.0000000000E+00
 73 TA186         0.0000000000E+00
 74 W 172         0.0000000000E+00
 74 W 173         0.0000000000E+00
 74 W 174         0.0000000000E+00
 74 W 175         0.0000000000E+00
 74 W 176         0.0000000000E+00
 74 W 177         0.0000000000E+00
 74 W 178         0.0000000000E+00
 74 W 179         0.0000000000E+00
 74 W 180         3.4543700000E-13
 74 W 181         6.4647600000E-18
 74 W 182         1.9747400000E-09
 74 W 183         1.2443300000E-09
 74 W 184         3.3005500000E-09
 74 W 185         1.0134000000E-14
 74 W 186         1.4410900000E-09
 74 W 187         0.0000000000E+00
 74 W 188         0.0000000000E+00
 74 W 189         0.0000000000E+00
 74 W 190         0.0000000000E+00
 75 RE175         0.0000000000E+00
 75 RE176         0.0000000000E+00
 75 RE177         0.0000000000E+00
 75 RE178         0.0000000000E+00
 75 RE179         0.0000000000E+00
 75 RE180         0.0000000000E+00
 75 RE181         0.0000000000E+00
 75 RE182         0.0000000000E+00
 75 RE183         0.0000000000E+00
 75 RE184         0.0000000000E+00
 75 RE185         6.7605500000E-10
 75 RE186         5.6888800000E-16
 75 RE187         3.6461700000E-10
 75 RE188         0.0000000000E+00
 75 RE189         0.0000000000E+00
 75 RE190         0.0000000000E+00
 75 RE191         0.0000000000E+00
 76 OS179         0.0000000000E+00
 76 OS180         0.0000000000E+00
 76 OS181         0.0000000000E+00
 76 OS182         0.0000000000E+00
 76 OS183         0.0000000000E+00
 76 OS184         4.2744300000E-15
 76 OS185         5.0795700000E-20
 76 OS186         1.2803700000E-09
 76 OS187         3.4276000000E-10
 76 OS188         2.6600300000E-09
 76 OS189         5.4325000000E-10
 76 OS190         2.7685300000E-09
 76 OS191         1.2880400000E-15
 76 OS192         1.5261400000E-09
 76 OS193         0.0000000000E+00
 76 OS194         0.0000000000E+00
 76 OS195         0.0000000000E+00
 76 OS196         0.0000000000E+00
 77 IR181         0.0000000000E+00
 77 IR182         0.0000000000E+00
 77 IR183         0.0000000000E+00
 77 IR184         0.0000000000E+00
 77 IR185         0.0000000000E+00
 77 IR186         0.0000000000E+00
 77 IR187         0.0000000000E+00
 77 IR188         0.0000000000E+00
 77 IR189         0.0000000000E+00
 77 IR190         0.0000000000E+00
 77 IR191         4.8774200000E-10
 77 IR192         1.0765300000E-14
 77 IR193         6.9449400000E-10
 77 IR194         0.0000000000E+00
 77 IR195         0.0000000000E+00
 77 IR196         0.0000000000E+00
 77 IR197         0.0000000000E+00
 78 PT184         0.0000000000E+00
 78 PT185         0.0000000000E+00
 78 PT186         0.0000000000E+00
 78 PT187         0.0000000000E+00
 78 PT188         0.0000000000E+00
 78 PT189         0.0000000000E+00
 78 PT190         6.4398000000E-15
 78 PT191         2.4667100000E-21
 78 PT192         7.2304100000E-10
 78 PT193         1.5608300000E-12
 78 PT194         2.3302700000E-09
 78 PT195         9.5209500000E-10
 78 PT196         4.3961900000E-09
 78 PT197         1.0867500000E-16
 78 PT198         4.5620300000E-10
 78 PT199         0.0000000000E+00
 78 PT200         0.0000000000E+00
 78 PT201         0.0000000000E+00
 78 PT202         0.0000000000E+00
 79 AU185         0.0000000000E+00
 79 AU186         0.0000000000E+00
 79 AU187         0.0000000000E+00
 79 AU188         0.0000000000E+00
 79 AU189         0.0000000000E+00
 79 AU190         0.0000000000E+00
 79 AU191         0.0000000000E+00
 79 AU192         0.0000000000E+00
 79 AU193         0.0000000000E+00
 79 AU194         0.0000000000E+00
 79 AU195         0.0000000000E+00
 79 AU196         0.0000000000E+00
 79 AU197         1.3517700000E-09
 79 AU198         4.8337000000E-16
 79 AU199         2.5559600000E-17
 79 AU200         0.0000000000E+00
 79 AU201         0.0000000000E+00
 79 AU202         0.0000000000E+00
 79 AU203         0.0000000000E+00
 80 HG189         0.0000000000E+00
 80 HG190         0.0000000000E+00
 80 HG191         0.0000000000E+00
 80 HG192         0.0000000000E+00
 80 HG193         0.0000000000E+00
 80 HG194         0.0000000000E+00
 80 HG195         0.0000000000E+00
 80 HG196         5.7475000000E-14
 80 HG197         6.2954400000E-21
 80 HG198         4.2966400000E-09
 80 HG199         2.0889100000E-09
 80 HG200         7.0019200000E-09
 80 HG201         3.0250300000E-09
 80 HG202         1.0805200000E-08
 80 HG203         1.8709800000E-16
 80 HG204         3.3888200000E-10
 80 HG205         0.0000000000E+00
 80 HG206         0.0000000000E+00
 80 HG207         0.0000000000E+00
 80 HG208         0.0000000000E+00
 81 TL192         0.0000000000E+00
 81 TL193         0.0000000000E+00
 81 TL194         0.0000000000E+00
 81 TL195         0.0000000000E+00
 81 TL196         0.0000000000E+00
 81 TL197         0.0000000000E+00
 81 TL198         0.0000000000E+00
 81 TL199         0.0000000000E+00
 81 TL200         0.0000000000E+00
 81 TL201         0.0000000000E+00
 81 TL202         0.0000000000E+00
 81 TL203         4.7970800000E-09
 81 TL204         1.6074300000E-13
 81 TL205         7.3682500000E-09
 81 TL206         0.0000000000E+00
 81 TL207         0.0000000000E+00
 81 TL208         0.0000000000E+00
 81 TL209         0.0000000000E+00
 81 TL210         0.0000000000E+00
 82 PB193         0.0000000000E+00
 82 PB194         0.0000000000E+00
 82 PB195         0.0000000000E+00
 82 PB196         0.0000000000E+00
 82 PB197         0.0000000000E+00
 82 PB198         0.0000000000E+00
 82 PB199         0.0000000000E+00
 82 PB200         0.0000000000E+00
 82 PB201         0.0000000000E+00
 82 PB202         0.0000000000E+00
 82 PB203         0.0000000000E+00
 82 PB204         5.8376400000E-09
 82 PB205         2.7863000000E-13
 82 PB208         2.4365200000E-08
 82 PB209         0.0000000000E+00
 82 PB210         0.0000000000E+00
 82 PB211         0.0000000000E+00
 83 BI202         0.0000000000E+00
 83 BI203         0.0000000000E+00
 83 BI204         0.0000000000E+00
 83 BI205         0.0000000000E+00
 83 BI206         0.0000000000E+00
 83 BI207         0.0000000000E+00
 83 BI208         0.0000000000E+00
 83 BI209         1.1018600000E-09
 83 BI210         4.2108900000E-18
 13 AL*26         0.0000000000E+00
 36 KR*85         0.0000000000E+00
 48 CD*15         0.0000000000E+00
 71 LU*76         0.0000000000E+00
 73 TAg80         0.0000000000E+00
